256 512 128
128 16 32
64 32 32
32 256 16
256 512 64
128 32 64
64 32 16
128 16 64
256 512 128
32 16 128
32 256 128
256 16 64
128 64 64
16 64 128
64 128 64
32 32 32
128 128 32
512 512 32
256 256 32
256 256 16
32 128 128
64 64 16
128 64 32
128 32 64
32 16 128
32 256 64
32 64 128
16 16 128
512 128 16
512 128 128
64 32 16
128 32 16
256 256 64
32 16 128
32 128 64
16 256 16
16 64 64
256 16 32
128 512 64
128 16 32
64 128 32
256 32 128
512 32 64
256 32 16
64 128 128
16 512 32
64 16 32
128 256 16
16 256 16
512 16 128
128 128 64
32 64 16
64 64 32
16 256 64
512 32 128
256 16 32
16 16 32
32 128 16
64 32 64
16 64 32
256 512 64
512 512 128
128 16 128
64 512 32
128 256 16
512 32 16
512 16 64
256 256 64
128 256 128
32 512 64
128 256 16
16 128 64
32 512 32
256 32 16
256 256 128
16 32 64
128 16 16
32 512 128
16 64 64
16 512 16
32 32 16
128 32 128
128 64 128
128 16 128
128 512 128
16 16 16
256 256 32
16 128 32
128 128 128
32 16 32
256 128 64
512 16 128
512 16 16
128 512 16
512 16 32
256 128 16
32 512 32
256 32 64
32 64 64
128 512 64
128 64 32
16 64 128
128 16 32
16 64 32
512 16 128
512 256 64
64 256 16
16 512 128
32 128 16
256 16 32
256 64 128
64 16 32
32 512 64
32 512 64
256 256 64
512 256 16
32 256 64
128 32 64
256 256 32
512 256 16
64 128 32
512 256 32
512 128 32
32 64 128
512 64 128
16 128 128
128 512 64
64 16 128
256 256 128
512 16 64
128 128 128
256 512 32
64 128 32
128 64 32
512 16 64
256 16 128
512 32 16
16 512 64
16 32 64
512 32 64
16 64 16
512 256 64
32 16 64
64 32 32
64 128 128
512 16 64
128 32 128
32 128 16
16 256 64
64 128 32
128 64 16
128 256 32
256 32 64
512 64 128
32 256 128
512 256 128
32 128 16
32 512 16
512 16 128
16 128 64
64 128 16
32 16 64
64 512 64
64 16 64
64 16 128
128 256 32
32 64 16
32 128 64
16 64 128
16 512 32
16 16 16
16 128 64
16 32 32
32 128 64
512 32 128
16 256 32
128 64 32
32 64 128
128 64 16
128 512 64
32 512 64
256 256 64
16 256 32
32 128 128
128 64 128
32 32 64
16 64 128
512 16 16
16 32 32
32 32 64
512 512 16
256 128 64
64 128 32
16 32 64
512 16 128
64 16 128
32 32 16
128 128 32
256 512 128
16 512 64
256 256 16
16 256 32
128 256 16
64 16 32
32 512 32
64 64 16
16 32 128
16 128 16
512 256 32
64 512 16
64 256 32
256 128 128
256 64 16
32 512 32
256 64 64
256 128 32
256 32 32
16 32 32
64 512 32
256 512 32
128 32 128
512 256 64
512 32 64
64 16 16
128 128 64
64 128 32
256 16 64
64 128 16
128 128 128
128 512 64
64 512 16
32 32 128
32 256 32
128 64 128
128 16 16
64 512 16
64 64 64
64 16 16
16 16 32
128 256 16
16 32 32
64 256 16
32 128 128
16 512 32
64 32 128
32 16 128
64 128 128
64 256 16
32 64 16
512 32 32
512 32 128
128 32 16
16 512 64
256 32 128
16 64 32
128 64 16
16 32 16
64 128 128
256 256 64
128 16 64
32 32 64
512 256 16
128 16 32
128 32 32
64 128 128
16 64 32
128 512 128
32 128 64
64 64 16
16 128 16
32 32 128
16 256 128
64 32 32
256 16 16
16 512 128
256 256 16
32 512 16
512 32 32
32 256 128
64 512 64
16 32 64
512 64 32
256 32 16
512 512 16
512 16 64
256 128 16
256 64 32
256 16 16
16 128 128
256 64 128
256 256 32
512 16 32
128 32 32
512 256 64
64 16 16
16 512 16
128 512 16
512 16 16
512 16 32
128 64 32
16 512 16
256 32 32
16 256 32
512 128 128
128 512 16
256 512 128
128 16 128
128 512 16
256 64 128
64 512 16
16 128 16
128 512 16
64 32 64
128 16 128
64 32 128
64 512 16
32 128 16
32 256 64
32 32 32
128 512 64
512 128 64
128 256 128
512 256 32
512 128 64
64 256 16
16 512 128
32 64 128
512 256 16
16 64 32
512 512 16
512 32 32
128 128 128
32 128 64
64 256 128
32 128 32
128 128 64
256 256 16
128 16 128
32 256 64
128 64 128
512 32 16
32 32 128
16 128 32
32 32 32
256 32 64
128 128 16
512 32 32
32 256 128
64 16 16
32 32 16
256 512 16
64 32 16
32 128 128
128 32 64
512 32 16
512 128 16
512 512 128
16 32 64
128 512 64
256 128 32
128 32 128
64 32 16
256 128 128
256 512 16
32 32 64
16 64 32
32 128 16
512 64 16
16 32 128
16 128 32
16 128 32
512 512 16
128 16 32
64 32 32
128 512 16
256 512 16
64 64 64
64 64 32
64 32 16
32 16 32
64 128 16
32 256 128
256 256 32
256 512 128
32 64 64
16 512 128
64 256 64
128 16 16
512 128 64
512 16 128
64 256 16
512 16 128
64 32 16
64 512 128
512 64 32
32 32 64
16 64 16
16 256 64
128 128 16
512 256 128
128 32 32
128 128 32
32 256 128
512 32 64
32 256 32
16 32 64
128 64 16
256 512 128
256 64 16
512 256 64
16 128 16
64 512 16
128 32 32
16 128 16
32 256 64
512 16 16
64 512 128
64 32 16
128 32 32
256 256 16
64 256 16
32 256 64
256 512 32
256 512 128
64 128 16
256 16 64
256 32 32
16 128 16
64 256 16
256 256 64
128 256 128
16 64 32
16 256 128
32 256 16
512 64 128
256 16 64
64 64 128
128 64 16
64 512 128
32 512 16
32 64 64
64 64 64
512 128 16
64 256 128
512 64 128
256 64 16
512 32 64
256 64 16
32 128 64
128 128 64
32 64 16
256 16 16
256 16 16
16 64 128
64 512 128
64 256 16
16 512 32
512 256 64
512 256 32
64 64 64
64 256 128
16 512 64
32 128 32
512 512 32
16 128 32
128 64 128
512 32 64
64 128 16
256 128 128
16 128 16
64 16 32
64 32 64
64 128 16
128 64 16
256 64 128
16 16 32
32 128 32
32 256 128
16 512 16
16 32 64
64 32 16
64 16 32
64 512 64
128 64 32
64 16 16
32 16 128
64 64 64
32 512 16
256 16 16
32 128 128
64 16 16
512 64 128
16 64 128
512 512 64
512 64 64
512 64 16
16 128 32
128 32 64
32 16 16
512 16 32
512 64 64
128 256 128
256 512 128
32 256 32
32 16 128
256 128 64
64 64 128
256 16 64
128 256 64
32 32 32
16 32 32
64 256 64
16 128 16
512 256 64
128 32 16
512 16 32
128 512 16
512 512 128
64 16 16
16 256 32
32 32 16
16 256 32
64 64 16
32 64 64
32 64 128
32 64 32
64 64 64
32 128 16
128 16 64
128 256 64
64 32 16
128 16 32
64 32 128
16 64 128
512 128 16
64 512 64
16 128 128
64 16 32
16 16 16
256 128 32
512 64 32
256 16 16
32 512 16
16 32 16
512 128 128
512 32 16
64 16 16
256 128 128
256 32 128
32 32 32
256 512 64
64 16 64
16 256 128
256 128 32
32 16 32
128 512 16
64 16 16
256 128 64
512 128 64
64 256 128
16 32 32
256 256 32
16 256 64
64 16 64
512 512 64
256 32 128
16 32 64
512 512 32
64 16 32
64 256 128
64 16 32
64 64 128
16 64 16
128 128 16
128 32 64
512 32 16
64 16 32
512 256 16
32 256 16
32 128 32
128 256 128
256 128 64
128 32 128
512 256 32
256 256 64
64 16 64
64 512 16
32 64 64
512 256 128
16 32 128
128 256 16
512 128 64
16 64 64
32 128 64
256 64 64
16 64 32
128 128 64
512 64 16
32 32 128
512 256 16
256 32 128
32 512 16
64 128 32
256 64 16
32 512 32
256 32 64
128 32 32
128 512 32
64 128 64
16 512 64
64 32 64
64 128 64
16 32 16
64 32 64
32 64 128
64 32 32
256 256 32
128 512 32
128 256 32
512 16 32
512 512 16
32 256 16
256 128 32
32 16 128
128 32 64
16 64 32
32 256 16
512 256 128
256 32 64
64 16 128
32 512 16
128 32 64
128 32 64
256 32 64
512 32 32
512 32 32
256 512 16
16 128 128
512 128 16
16 256 64
64 16 128
16 128 32
256 32 32
32 64 64
512 64 32
128 32 16
512 16 16
128 16 16
256 256 128
512 64 64
16 32 16
16 512 16
64 512 64
16 128 16
256 64 16
512 512 16
512 16 128
16 32 32
512 64 128
32 64 32
32 256 128
256 512 128
512 64 64
64 128 32
16 512 128
512 16 32
32 16 16
16 512 32
512 256 128
512 16 16
128 64 32
64 512 64
256 64 16
16 256 64
32 256 16
128 16 128
32 32 16
64 16 32
128 512 32
256 128 16
256 16 32
128 32 32
512 512 128
128 64 128
16 16 16
16 64 128
128 512 32
64 16 64
64 64 16
128 256 128
256 128 64
64 128 16
32 256 128
16 64 32
32 512 128
16 512 64
64 64 128
128 32 128
32 64 64
128 32 16
128 64 32
32 16 16
16 16 128
16 512 16
64 128 16
256 256 128
64 32 16
64 128 128
256 32 64
128 128 64
16 128 64
16 256 16
64 512 128
64 128 64
64 512 16
512 256 16
512 512 32
512 32 128
32 16 64
512 64 16
512 32 128
256 512 128
128 128 16
16 256 32
32 32 128
256 16 16
16 256 128
32 128 32
64 512 16
64 128 16
512 512 32
128 32 32
16 128 64
256 512 64
128 64 128
512 256 16
64 64 32
128 128 32
128 128 128
128 512 128
32 512 16
512 512 32
128 64 64
64 256 128
512 64 32
64 512 64
16 16 16
128 16 128
128 16 16
64 16 64
128 256 32
256 256 32
64 256 64
32 32 64
64 64 64
16 64 16
512 256 32
128 64 32
128 32 16
16 16 32
128 64 128
128 512 16
128 256 16
512 32 64
64 512 64
16 16 32
256 16 64
256 64 64
32 32 32
512 64 64
16 32 32
64 16 64
64 512 32
16 128 16
512 64 32
32 512 64
64 512 32
16 256 64
64 128 64
64 16 128
512 512 32
16 256 16
64 32 32
512 512 32
16 128 32
128 16 128
16 256 128
256 128 128
64 64 128
64 64 16
64 128 32
16 16 32
512 128 128
256 16 64
256 512 64
128 32 32
512 64 128
64 128 16
512 16 64
512 256 16
64 32 16
32 512 32
32 64 64
16 256 32
16 128 32
512 128 128
16 128 32
128 16 16
64 32 128
512 512 128
256 256 16
32 16 64
16 16 16
32 512 64
128 16 128
128 16 64
32 32 16
256 16 32
64 512 16
16 16 16
64 64 16
32 128 128
128 256 16
128 64 32
32 256 128
16 32 64
256 128 128
16 512 64
16 128 16
512 128 128
128 32 64
32 128 32
256 512 16
128 512 64
16 16 128
256 128 16
128 256 64
64 128 32
512 64 16
128 32 16
16 256 32
128 512 16
16 128 16
64 128 128
256 16 128
64 32 32
256 16 64
32 64 16
16 32 128
128 128 32
64 32 16
64 128 16
16 32 64
512 512 128
128 64 64
16 128 64
64 32 32
64 32 32
256 128 16
128 256 64
64 32 16
16 16 16
512 32 64
16 512 128
256 64 32
256 64 16
256 64 32
256 128 128
512 32 16
256 256 128
128 16 32
64 64 32
128 128 64
128 256 128
256 64 16
64 32 128
512 256 16
128 16 64
256 16 64
64 64 128
64 32 32
128 128 16
512 512 32
64 128 16
512 128 64
32 512 16
256 32 16
16 64 16
128 16 64
16 16 16
256 64 64
256 64 128
256 256 128
32 256 64
32 16 128
64 64 128
256 32 64
256 64 128
16 512 128
32 32 16
32 32 32
256 64 64
32 16 128
128 512 128
16 128 16
256 512 32
256 32 16
16 512 128
512 128 64
512 128 64
512 256 32
512 64 16
128 128 32
16 64 128
32 64 32
256 512 16
256 256 128
64 256 16
16 256 16
256 512 64
256 512 128
16 256 64
32 64 64
16 256 128
128 32 64
64 16 16
32 512 16
32 512 16
32 64 32
16 64 32
256 64 16
32 32 64
128 512 32
32 128 128
64 16 32
64 128 16
32 512 128
32 32 32
32 512 16
512 32 64
512 512 128
512 512 16
32 16 128
512 256 64
512 32 64
512 512 32
64 512 64
32 256 32
512 256 32
16 16 16
64 64 64
256 64 128
32 16 128
64 256 128
64 32 128
16 32 64
128 256 32
128 64 128
128 256 64
32 64 16
32 64 32
512 32 128
32 32 64
32 16 128
16 128 32
64 256 16
64 256 128
256 64 64
512 32 64
128 16 128
256 32 32
32 64 128
16 32 16
128 128 64
512 128 16
128 32 128
512 128 32
32 16 32
512 16 16
64 32 128
256 32 64
16 128 32
32 128 16
512 256 16
32 32 32
256 512 128
256 512 16
16 64 32
512 256 128
128 64 128
64 64 64
32 128 16
128 16 64
256 32 32
512 16 128
16 512 16
512 16 16
32 64 16
128 16 128
16 64 32
512 64 32
512 512 32
512 32 32
256 64 64
32 16 128
16 32 16
512 128 16
256 16 16
32 256 128
32 16 32
16 128 128
128 512 128
512 256 64
128 512 64
16 128 16
32 64 64
512 64 32
32 128 16
32 128 64
32 512 128
128 64 16
256 16 16
64 16 16
32 256 64
512 512 32
512 256 128
256 128 16
128 32 16
256 32 128
64 32 16
16 32 128
16 64 32
512 16 32
512 32 16
512 32 16
64 16 16
512 32 16
32 64 128
256 16 16
32 32 64
512 64 16
128 512 16
128 32 16
128 16 64
64 16 64
16 512 32
512 512 128
32 32 16
16 512 16
128 32 16
16 512 16
64 128 64
512 128 32
512 128 32
16 16 64
64 256 64
256 512 128
16 128 128
256 256 32
64 32 32
32 256 16
32 16 16
256 512 128
512 128 64
512 128 16
64 16 128
64 512 64
16 128 16
128 512 128
32 256 128
256 256 128
64 32 128
32 512 64
64 256 128
64 256 64
64 16 16
512 512 64
512 256 32
16 64 128
32 64 64
32 128 32
16 512 128
512 128 16
64 512 64
64 512 64
256 128 32
128 128 128
256 64 32
256 16 64
16 64 16
256 512 16
512 32 32
128 512 128
64 128 64
32 32 16
128 256 128
64 64 128
16 128 32
512 512 128
32 16 32
32 512 32
128 256 16
128 32 128
64 512 32
32 256 128
512 16 128
128 128 128
512 16 128
128 16 32
128 32 64
16 512 32
64 32 32
512 32 128
16 256 64
256 64 32
256 512 16
16 512 16
32 32 16
16 64 16
16 16 128
16 256 32
256 256 32
256 512 64
128 256 64
32 16 128
512 128 64
128 512 128
256 32 128
16 256 64
512 128 64
32 16 32
512 256 64
512 16 32
256 16 32
128 16 16
16 64 16
512 64 128
256 32 32
256 512 64
512 16 16
256 128 16
128 512 128
32 128 64
256 128 128
16 128 32
128 32 128
512 16 128
16 128 128
512 512 16
64 64 64
16 64 128
64 64 16
64 64 128
64 64 64
128 512 32
16 64 32
16 32 16
128 128 64
512 32 64
16 128 16
16 16 128
64 256 64
32 16 16
256 16 32
32 128 64
32 16 128
64 256 64
16 256 32
256 64 128
512 16 16
32 128 16
64 128 32
16 256 64
16 32 32
512 256 64
512 512 128
512 128 128
64 16 64
256 256 16
32 32 128
32 256 16
512 32 16
512 512 32
16 512 128
128 32 32
32 256 32
32 64 128
16 512 32
512 32 16
32 128 32
256 512 128
128 64 128
64 512 64
16 64 64
128 16 32
32 128 32
512 16 128
256 128 64
32 128 64
16 128 128
128 16 32
256 64 32
32 16 32
128 512 128
256 256 128
128 128 128
16 16 128
32 128 128
64 64 128
256 128 16
64 64 16
16 512 64
32 256 128
256 16 16
128 16 64
32 512 32
512 256 16
128 256 32
32 512 64
512 128 16
16 128 32
16 128 32
256 32 16
16 256 32
16 32 16
64 64 64
512 128 32
256 128 16
64 128 128
256 64 64
128 64 128
512 64 16
16 512 16
32 16 32
512 256 128
128 512 64
512 256 32
64 128 128
16 32 16
64 64 128
16 64 16
64 16 128
16 64 64
256 256 64
512 16 32
64 512 32
16 16 16
256 512 16
128 128 64
64 16 32
64 128 32
256 16 32
512 256 32
32 256 128
512 256 16
64 64 16
128 512 64
256 128 32
16 32 128
16 512 128
256 128 64
256 32 64
512 16 64
32 512 64
16 64 32
64 512 32
128 64 16
64 256 64
512 16 32
64 64 64
16 16 16
128 512 128
16 256 16
32 32 64
128 32 64
128 64 16
16 512 32
32 512 16
32 512 64
16 128 32
512 64 64
16 16 32
16 16 32
32 512 64
64 512 32
128 64 32
256 128 16
512 64 64
64 64 16
512 16 16
64 512 128
32 512 128
32 512 128
64 32 64
512 64 32
256 256 64
64 512 16
128 64 128
32 64 128
128 16 128
256 256 128
128 512 64
64 32 64
512 16 16
16 128 64
16 256 16
128 512 16
256 64 16
256 64 16
64 64 32
32 256 64
256 256 128
512 64 32
16 128 128
64 256 64
32 64 32
512 128 128
16 32 16
256 512 16
128 32 32
256 256 16
128 512 64
64 32 128
256 256 64
256 256 32
512 32 128
512 16 128
512 64 16
16 256 128
256 128 128
32 32 64
256 32 128
512 512 16
128 64 64
16 512 128
32 16 16
64 256 16
64 32 64
32 32 64
16 16 128
512 256 32
64 512 128
16 64 64
64 512 128
256 64 64
64 64 64
64 16 16
256 512 16
64 64 32
256 32 16
64 16 32
512 256 32
512 128 16
32 16 64
512 64 128
64 128 64
128 512 64
32 64 64
256 128 16
16 64 32
128 256 64
512 512 16
256 128 32
256 256 16
32 16 128
512 512 32
32 128 64
32 128 32
128 512 32
32 256 16
64 64 128
64 128 128
32 16 32
32 16 128
32 512 16
32 16 32
16 16 16
16 256 32
16 256 16
16 256 128
64 32 128
16 32 16
256 16 32
512 512 32
128 256 16
32 256 64
32 256 16
16 128 16
32 32 32
256 128 32
512 256 128
32 256 128
512 512 16
512 16 64
512 64 16
128 128 32
256 16 16
32 32 64
16 64 16
512 16 32
64 512 32
512 256 128
512 256 64
16 512 16
128 16 16
32 512 128
256 128 64
32 16 64
32 256 64
64 32 16
256 64 16
32 16 16
32 512 16
128 128 128
64 16 128
512 16 32
32 16 32
64 16 64
512 256 128
256 32 32
128 512 128
512 512 16
512 32 32
512 32 128
16 512 64
512 32 16
512 32 16
16 32 128
16 16 32
32 512 16
16 512 64
16 512 16
512 32 128
128 256 64
256 32 32
16 256 64
128 64 64
16 32 16
16 128 128
512 512 128
16 512 16
32 16 32
256 16 128
64 256 128
128 512 64
128 512 64
512 16 64
128 64 64
16 16 128
16 128 16
32 256 32
64 32 64
512 128 16
256 512 64
32 512 128
32 32 16
256 512 32
16 512 64
64 64 32
32 128 128
64 128 128
512 16 128
512 512 16
128 256 128
512 16 128
32 512 32
128 256 128
32 32 128
16 32 16
512 64 64
512 128 32
16 32 128
16 256 32
16 64 16
512 64 16
64 16 32
256 64 64
64 512 64
128 512 32
16 128 128
64 512 32
256 256 32
16 128 64
512 256 64
512 16 128
256 64 128
256 128 32
64 32 32
64 128 64
64 32 16
128 128 128
256 64 64
32 32 128
512 256 128
16 16 64
16 64 64
512 512 16
64 256 16
256 256 128
256 32 32
256 128 16
128 512 16
512 16 16
256 256 32
512 32 128
128 256 16
16 128 32
32 512 128
16 256 128
32 128 32
256 128 128
32 32 64
16 32 64
16 128 16
512 512 16
512 512 128
512 512 128
32 512 16
512 256 16
64 16 32
32 128 128
512 128 32
32 32 128
16 256 128
256 64 64
512 512 64
16 256 128
256 512 64
16 256 128
32 16 32
128 128 32
128 16 128
32 256 32
256 64 128
512 32 16
512 64 64
512 512 128
128 512 128
16 16 64
256 16 64
256 512 64
64 256 32
64 128 16
32 128 16
256 32 64
16 32 128
16 32 32
512 64 16
128 128 32
256 32 32
512 512 64
128 512 32
512 64 32
128 128 32
32 32 128
32 128 16
128 256 128
32 64 128
32 512 16
64 512 128
512 128 16
128 512 32
512 16 32
32 512 32
128 16 128
128 256 16
512 32 16
256 256 16
32 512 64
512 128 32
32 16 32
256 64 16
512 128 128
16 64 64
32 32 64
16 512 16
16 128 64
256 128 16
64 16 16
64 128 64
128 64 128
64 32 64
16 32 32
128 512 64
512 32 16
256 256 128
512 512 128
16 16 32
64 512 16
128 32 16
256 256 16
16 16 32
64 512 64
64 32 32
512 16 64
64 64 16
128 256 64
64 128 64
32 32 64
512 128 16
256 64 32
128 128 64
128 64 64
256 64 128
256 16 128
32 256 64
64 256 128
128 64 128
128 64 16
16 128 16
128 128 16
32 256 128
256 16 32
16 512 64
16 64 16
64 256 32
32 64 128
512 128 64
64 512 32
128 32 16
16 32 128
128 32 64
32 512 128
64 256 32
64 64 32
16 32 32
256 256 128
256 128 64
512 64 64
16 128 64
128 128 16
16 512 16
16 256 16
512 16 128
256 16 16
512 16 64
16 64 128
64 64 16
512 128 32
128 16 32
128 64 64
32 32 32
512 256 128
256 256 16
32 512 32
256 256 128
128 256 128
64 64 128
64 512 16
16 512 128
32 64 64
128 64 128
256 256 128
256 256 32
256 512 32
64 32 32
256 512 32
64 256 128
256 16 32
16 512 128
128 256 16
512 128 128
32 512 16
32 512 16
64 256 128
64 256 32
256 64 64
16 64 32
256 32 128
32 256 16
512 16 128
32 512 128
32 128 64
256 16 16
128 512 128
64 16 128
256 16 16
512 128 64
256 16 128
16 32 16
256 32 128
256 512 64
16 512 32
64 32 128
512 32 32
512 512 128
512 32 32
32 128 32
64 32 128
32 32 16
128 16 64
64 32 64
64 128 32
128 16 32
128 64 64
512 64 32
512 64 128
128 16 128
32 128 32
64 32 16
32 128 16
256 64 128
256 256 16
32 32 64
64 16 64
16 32 64
16 64 16
512 256 64
16 512 16
256 256 64
128 256 64
128 512 32
256 128 32
128 512 16
32 16 64
512 32 32
512 512 32
128 32 32
64 256 32
16 256 32
64 16 128
256 128 128
64 128 64
16 512 64
256 16 32
128 32 32
256 256 16
32 16 64
32 32 128
256 64 16
128 64 64
32 128 64
256 32 16
64 256 32
512 16 128
64 16 16
32 32 16
128 128 16
64 256 16
128 256 32
128 16 32
32 32 32
256 64 128
128 64 32
64 32 16
128 64 16
128 256 16
128 512 16
16 16 32
512 128 128
32 256 64
128 32 16
512 16 32
64 256 32
64 128 32
256 16 64
512 64 16
16 16 128
16 128 64
128 256 128
256 256 32
64 64 32
512 256 16
64 64 128
512 16 32
64 128 64
256 256 16
512 512 128
512 16 16
512 64 64
64 64 32
32 256 128
128 64 32
32 256 64
32 32 16
16 512 128
256 128 64
512 512 16
256 128 128
16 512 32
64 64 128
256 32 16
16 128 32
512 64 128
16 32 16
16 64 16
512 64 128
512 64 32
128 64 32
64 16 32
512 16 16
128 256 64
64 512 128
64 64 16
512 32 64
128 128 16
512 512 64
256 32 128
64 128 32
512 256 32
128 64 64
64 256 16
64 128 128
256 512 64
256 256 128
16 32 16
128 256 16
128 256 32
512 256 16
128 512 16
32 16 64
64 64 32
128 16 128
64 512 16
32 64 64
512 512 64
256 128 32
512 32 64
512 512 16
16 512 32
64 16 32
16 256 32
64 128 128
64 16 128
32 64 128
16 128 16
512 512 64
256 32 64
64 64 32
128 512 16
16 16 16
128 16 32
32 128 32
32 128 32
512 512 16
16 32 32
512 16 16
32 256 64
64 512 32
128 64 128
256 64 64
256 256 16
64 128 128
512 512 32
128 16 32
64 128 128
64 32 128
256 64 64
512 16 64
32 32 128
128 512 128
16 32 64
32 128 64
16 512 128
128 32 128
32 256 32
64 16 32
64 16 64
256 64 128
512 64 64
128 32 16
64 128 32
256 512 128
16 64 16
64 512 16
32 16 16
32 256 16
512 512 32
512 512 64
32 512 16
512 32 16
16 128 32
256 32 32
32 64 64
256 256 16
512 256 128
128 256 128
64 128 32
512 256 16
128 16 128
512 32 32
512 64 16
128 16 64
16 16 128
16 512 64
128 16 128
64 32 16
16 128 128
128 64 16
512 16 128
512 128 128
256 256 64
32 64 16
128 256 32
32 256 16
512 256 64
16 32 16
16 256 64
64 128 16
64 512 64
128 256 16
256 256 64
512 128 32
512 512 16
256 64 64
64 512 16
256 16 128
512 64 16
256 64 32
16 128 64
512 128 32
32 128 128
256 32 16
64 512 128
16 256 64
128 128 64
512 16 32
32 128 64
512 512 64
16 512 16
16 512 16
64 32 64
256 128 64
512 256 128
16 256 64
512 256 32
32 128 128
16 128 16
256 512 32
32 512 32
64 16 32
128 32 32
128 128 32
64 32 64
64 256 128
16 16 32
64 256 16
128 64 16
32 32 64
16 32 16
64 64 64
16 16 16
32 16 32
256 64 128
128 32 128
128 64 32
256 256 32
128 32 16
32 256 32
256 64 16
32 64 16
256 512 64
256 512 128
128 64 32
16 64 16
16 128 16
512 16 64
64 32 16
32 32 32
32 32 128
128 64 128
128 256 16
16 512 32
32 512 128
128 16 32
32 64 128
16 32 32
256 256 128
256 32 32
128 64 64
16 32 16
512 16 64
64 16 64
32 16 64
64 16 16
32 32 64
16 128 32
512 128 16
128 256 64
256 128 32
16 64 16
16 16 16
256 64 16
16 512 16
64 16 64
256 16 128
32 64 128
32 16 128
16 32 16
16 256 16
16 256 16
256 32 128
256 128 16
512 16 32
512 256 32
16 256 16
512 512 32
256 256 128
512 512 128
32 512 128
32 16 64
128 128 128
16 256 16
256 32 64
16 512 16
16 16 64
64 64 32
256 16 16
32 256 64
64 64 64
256 64 128
256 512 64
32 128 32
16 256 16
32 32 16
512 512 64
256 256 128
128 512 32
16 64 16
16 512 64
32 256 64
64 512 128
16 16 64
512 512 16
512 16 16
64 16 16
32 32 128
256 64 16
64 256 64
32 256 128
32 256 128
16 32 128
16 256 128
256 32 64
16 64 128
32 32 128
256 128 128
32 128 128
16 64 32
512 128 128
64 64 16
512 64 64
32 512 128
32 512 32
256 64 16
64 256 32
32 32 32
64 16 64
256 512 16
16 256 32
32 64 64
16 128 128
256 512 32
128 32 16
256 512 32
64 128 64
64 16 128
256 128 128
256 512 64
16 32 128
512 32 16
64 256 64
512 32 16
256 256 16
128 64 32
256 16 16
32 256 64
16 32 128
128 64 16
16 64 128
128 64 64
32 64 16
16 512 64
512 16 128
256 128 128
512 64 16
64 128 32
128 256 64
256 128 128
128 16 16
128 256 128
128 64 128
16 16 64
64 64 32
128 128 128
128 128 16
16 512 16
256 256 128
64 32 32
256 256 64
64 16 32
128 64 32
64 128 64
256 128 32
32 128 16
256 256 128
16 32 128
128 512 64
32 512 64
64 16 16
32 128 128
16 128 64
512 256 32
128 16 64
128 512 16
128 32 128
16 512 64
32 64 128
64 128 64
512 32 16
512 128 32
64 32 128
16 256 64
16 256 32
128 32 16
64 512 64
256 256 16
64 16 128
256 256 16
128 16 16
256 256 32
64 128 128
64 256 64
64 64 32
128 512 32
16 64 128
512 256 16
256 64 64
64 512 16
512 128 32
256 512 64
32 256 16
16 64 32
16 64 64
256 16 64
512 512 128
256 16 16
16 512 16
512 512 64
256 256 32
256 64 16
16 128 16
16 256 128
64 128 32
16 512 128
64 512 128
512 128 64
512 16 64
128 32 16
16 64 128
128 512 64
64 16 32
16 128 64
512 32 64
256 64 64
16 16 128
64 256 32
128 16 16
128 512 128
512 256 32
256 16 32
16 32 32
128 512 32
128 64 64
16 128 16
128 16 128
32 16 32
16 256 64
64 32 64
64 512 64
32 16 64
512 512 128
16 64 16
128 512 128
64 128 32
128 32 64
32 128 32
256 32 16
512 512 64
256 64 128
16 64 32
16 32 16
32 32 16
128 256 32
32 32 32
128 64 128
64 512 32
16 32 128
16 512 64
512 64 32
32 64 128
512 128 32
128 128 32
16 128 16
128 256 128
256 512 32
128 32 128
32 256 16
512 512 32
64 256 32
256 128 16
32 64 16
64 64 128
64 16 64
512 128 16
256 16 64
256 16 16
32 128 32
512 64 64
256 16 64
128 16 64
16 64 128
512 32 32
128 128 128
32 64 128
256 256 32
64 512 32
512 32 32
256 64 32
512 512 64
32 256 32
256 32 16
32 512 32
256 128 16
16 32 16
512 32 16
256 512 128
32 512 128
16 16 32
32 128 32
128 256 64
32 32 128
256 16 64
64 16 128
512 256 32
512 16 128
128 64 128
512 32 16
128 128 32
256 64 64
128 32 64
32 32 64
512 16 32
32 64 16
32 128 16
16 128 128
512 128 32
128 128 16
64 32 32
128 64 64
16 32 32
16 32 64
512 512 128
16 16 32
32 512 16
64 512 32
128 32 16
128 16 64
256 128 64
32 32 32
128 32 32
16 64 128
64 16 16
128 64 64
32 256 128
16 32 16
32 512 32
128 16 16
512 32 32
512 128 128
32 128 128
64 32 64
32 512 16
16 512 64
64 256 32
256 128 128
16 512 128
16 128 128
256 256 32
512 256 16
256 32 16
256 128 64
16 32 32
512 256 32
64 64 128
512 16 16
64 32 128
64 256 16
128 32 64
16 32 32
256 128 32
512 32 32
32 16 16
256 512 16
128 16 128
64 512 16
512 16 128
256 256 64
128 32 64
256 512 64
64 128 64
256 32 128
128 16 64
256 512 32
64 32 128
128 512 16
256 128 32
32 16 128
64 16 32
16 256 32
16 128 16
128 32 32
16 128 16
64 32 128
16 256 16
16 32 32
256 512 16
16 32 16
64 256 128
16 32 16
16 16 128
32 512 128
16 16 32
16 128 64
32 512 128
64 128 16
128 128 32
32 64 128
128 32 128
64 512 16
32 128 32
16 16 128
16 64 32
32 32 32
512 64 32
16 64 32
512 32 16
16 16 32
32 32 16
512 32 16
256 128 32
64 512 16
32 256 16
128 64 128
16 64 32
16 512 32
256 256 32
512 128 32
512 128 128
16 512 32
128 128 16
64 32 32
32 32 16
16 512 64
128 512 128
16 16 32
128 32 128
128 128 16
64 512 16
512 32 64
32 16 64
16 32 32
64 32 64
512 256 64
32 512 16
16 32 64
128 32 16
16 64 128
64 16 32
64 512 16
512 16 128
512 128 32
128 512 128
128 16 64
64 16 32
128 64 16
32 64 16
64 32 32
128 32 16
64 256 128
16 512 128
256 32 16
512 128 16
512 64 128
64 512 32
256 128 64
256 64 32
32 128 128
32 256 128
128 16 64
256 32 64
16 64 128
32 512 32
512 128 64
256 128 32
128 512 32
256 512 128
128 128 64
256 128 64
32 512 128
16 512 32
512 64 32
128 256 16
64 16 64
32 32 16
16 128 32
128 64 32
512 512 128
256 256 16
512 16 64
32 128 64
128 16 64
64 32 64
128 256 128
512 64 64
32 32 64
64 256 32
64 512 16
256 16 32
512 128 16
32 32 128
32 512 32
256 512 128
512 16 32
32 128 32
16 64 64
512 16 32
32 512 64
32 512 16
256 128 64
128 32 32
64 64 16
256 128 32
16 64 64
16 256 64
512 256 32
32 256 128
128 64 32
64 512 128
256 512 16
64 256 16
16 32 128
32 256 128
16 32 16
256 128 32
128 512 128
64 64 16
32 512 64
32 256 128
128 64 64
16 64 16
16 512 128
32 16 32
16 16 128
16 128 64
32 64 64
512 128 128
512 64 32
256 512 16
512 64 16
128 256 32
64 256 64
256 256 128
64 256 64
32 64 16
128 16 64
16 16 128
32 32 64
64 32 64
64 512 128
64 128 128
32 16 32
256 32 16
16 512 32
32 64 32
16 128 32
64 256 128
64 64 32
128 64 16
64 128 128
512 128 16
512 512 64
256 256 16
128 16 32
64 256 64
512 64 64
32 64 128
32 512 64
64 512 16
512 32 128
128 512 64
32 64 16
256 32 128
16 128 128
32 16 16
512 256 16
64 32 32
32 64 128
16 16 32
32 128 16
32 16 64
64 16 32
128 128 32
128 128 64
16 256 64
256 512 16
64 512 64
32 256 16
64 32 16
64 32 64
128 512 16
32 32 32
32 256 128
16 64 16
128 32 16
64 512 32
32 128 128
32 64 16
256 256 64
256 16 16
128 16 128
16 64 128
512 256 16
512 256 64
256 256 32
128 32 16
16 32 32
32 64 128
64 16 16
128 128 64
512 64 64
256 256 16
512 128 64
128 32 32
256 32 32
256 16 64
256 16 128
64 32 128
16 16 128
16 128 128
16 32 32
64 64 16
32 512 16
32 32 128
32 128 16
64 64 16
128 64 32
512 512 64
16 64 64
16 16 32
512 32 64
128 64 64
16 128 64
16 64 16
16 16 32
512 512 16
512 128 64
256 32 64
16 512 64
16 16 16
128 256 16
64 128 16
128 512 32
64 64 128
256 256 64
256 128 64
16 128 16
512 128 32
256 16 16
64 64 128
16 128 128
32 64 32
512 256 32
128 16 64
512 64 32
64 256 16
16 16 16
128 128 32
64 32 32
128 256 64
128 128 128
512 512 128
16 512 128
16 512 16
512 16 32
256 512 16
64 16 16
512 16 32
16 64 32
256 64 16
64 128 64
16 128 32
256 64 16
256 32 64
64 64 128
512 32 128
32 512 64
32 256 64
64 16 16
256 128 128
256 512 32
16 512 32
64 256 16
32 128 64
16 64 64
32 128 32
256 32 32
128 64 128
16 256 32
64 32 64
16 512 64
512 512 128
256 128 128
32 32 32
16 128 16
64 128 64
256 64 32
512 256 64
16 256 128
64 32 128
64 512 128
64 512 64
64 16 64
128 16 32
16 64 128
512 16 16
256 512 128
64 128 16
16 128 16
128 512 32
64 32 64
64 512 64
64 512 64
16 512 16
512 256 16
32 32 32
64 16 32
512 64 16
256 256 16
16 64 64
512 256 32
16 512 64
256 128 32
16 128 16
32 32 32
16 64 16
32 128 64
256 16 64
128 128 32
512 128 128
256 512 32
256 32 128
32 512 32
16 16 64
256 256 32
16 512 64
64 64 32
16 32 128
64 16 128
32 16 16
512 256 32
256 64 64
512 16 16
32 256 128
512 512 64
16 16 16
32 256 64
512 32 32
128 256 64
256 256 32
512 16 64
16 32 16
64 256 16
128 16 32
128 32 128
16 512 64
128 128 16
512 64 128
16 256 32
512 512 32
16 128 64
16 64 16
64 64 32
32 16 64
32 256 128
16 32 64
16 128 16
32 32 128
512 512 64
64 32 64
64 512 64
32 16 32
512 32 128
16 64 128
128 256 128
32 256 32
256 16 64
16 128 128
128 64 16
256 256 64
64 16 128
512 256 64
16 16 64
64 64 64
32 64 16
64 16 64
32 32 64
64 512 16
128 128 64
32 512 16
16 128 128
16 512 128
128 64 128
512 64 16
128 16 16
512 16 32
256 512 32
256 16 128
512 512 64
32 128 32
16 256 128
128 16 64
256 32 128
512 512 128
32 128 16
512 512 16
256 512 16
256 16 32
32 512 64
128 128 64
512 128 64
512 64 16
256 32 16
32 128 128
16 256 64
32 128 128
256 512 128
64 512 32
256 128 32
16 32 64
64 64 16
64 512 16
64 32 16
64 32 16
256 32 64
256 64 32
512 512 128
256 64 128
64 64 32
512 256 128
128 16 32
128 16 64
128 128 32
32 16 16
16 16 128
256 256 16
256 512 64
16 128 16
512 32 64
16 128 128
256 16 32
32 512 16
256 256 64
16 64 128
16 64 64
32 32 64
32 32 128
256 64 32
64 256 32
32 512 64
128 512 16
16 16 128
64 16 64
16 16 32
64 16 128
128 256 64
256 128 32
32 256 16
256 32 128
64 32 128
32 128 128
16 16 32
256 256 32
512 512 128
16 512 128
64 32 128
16 32 64
64 16 128
128 16 128
128 128 64
64 64 64
16 64 64
512 128 128
64 32 32
128 128 32
16 256 128
256 128 32
16 512 64
64 64 16
128 32 16
128 256 32
32 128 16
128 128 32
128 256 32
64 128 128
256 64 32
512 16 128
32 32 16
64 128 16
16 16 32
128 64 16
64 512 64
32 128 64
32 512 64
128 512 64
512 64 32
512 16 128
16 256 32
128 128 128
64 128 128
64 32 16
512 256 64
16 256 32
256 256 32
128 128 16
512 64 64
128 32 64
32 128 16
64 16 64
64 128 128
16 512 16
128 32 64
256 128 128
128 256 16
512 512 128
512 128 16
32 256 64
512 64 16
256 16 32
64 64 64
16 32 128
16 16 16
128 64 128
16 512 16
64 64 64
128 128 32
16 512 32
256 32 128
16 64 16
128 16 16
512 512 16
512 16 32
128 16 128
16 16 32
128 256 64
64 128 64
16 32 16
16 32 128
32 512 16
64 128 128
32 32 64
64 64 128
64 512 16
32 16 32
512 16 128
16 32 64
16 128 32
16 16 32
512 32 32
32 256 16
64 128 32
64 16 128
256 256 32
16 128 128
64 256 16
16 16 16
32 64 16
128 64 128
32 16 32
64 256 32
16 32 32
32 128 32
256 32 32
256 16 16
128 16 128
32 32 16
512 32 32
16 256 32
16 64 32
32 128 128
64 32 64
256 16 32
512 512 32
512 512 64
64 64 64
128 128 32
64 128 64
512 32 16
16 256 128
32 32 64
16 512 16
256 32 32
256 16 32
512 256 32
128 16 16
128 32 32
512 64 128
512 64 128
64 128 64
128 128 16
512 512 16
256 32 64
256 128 32
512 512 16
256 256 32
16 64 32
128 128 16
32 256 16
128 256 16
512 32 32
32 16 64
64 16 128
32 16 16
512 512 128
32 16 32
128 128 128
512 32 16
512 128 16
512 16 64
512 32 64
128 128 32
16 16 64
16 256 16
64 64 64
256 64 32
256 64 64
128 256 128
256 16 16
32 32 64
16 64 64
32 32 32
256 32 16
64 512 64
256 256 16
256 128 128
32 16 64
128 128 64
256 32 32
128 64 16
128 32 128
256 32 64
128 32 64
32 128 16
256 32 128
256 256 128
512 32 128
32 16 64
64 64 128
16 16 32
128 32 128
32 256 32
128 32 32
16 512 16
16 128 128
32 512 32
512 128 128
128 512 32
128 512 128
32 128 32
16 64 16
16 512 128
128 16 32
32 16 64
64 16 64
256 512 16
32 16 64
64 512 32
512 32 128
256 256 128
16 32 16
512 64 32
16 128 128
128 16 32
16 256 32
256 64 32
256 16 128
256 16 16
32 16 32
128 16 32
512 128 64
512 64 32
32 512 16
64 64 32
128 16 64
256 32 32
128 64 128
16 64 128
128 16 16
256 256 32
512 128 128
64 128 32
512 16 128
256 64 64
128 64 64
16 64 128
64 256 16
256 128 128
16 256 128
64 512 16
512 16 128
32 16 16
512 256 16
128 64 16
512 16 32
128 256 32
64 64 128
32 16 64
32 64 128
32 128 64
128 64 64
16 512 128
16 512 32
512 64 32
16 16 128
16 64 32
16 256 64
32 16 16
256 16 32
64 16 32
64 128 16
64 512 128
32 32 16
64 256 64
256 512 16
128 64 128
64 16 64
16 16 128
128 16 128
32 64 16
512 256 128
16 128 64
512 512 16
64 512 64
256 32 128
32 64 64
32 512 128
128 256 128
128 64 32
32 512 128
64 512 128
16 32 64
256 128 64
16 32 64
256 32 128
64 256 128
512 128 32
128 32 64
32 64 32
128 32 16
512 512 64
256 64 64
256 32 32
64 256 128
64 32 64
256 64 64
128 128 128
64 16 64
64 256 32
32 64 16
64 16 16
16 32 16
16 16 32
64 16 64
256 64 32
16 256 64
16 512 32
32 512 32
16 64 128
32 64 64
16 16 128
512 64 16
128 32 32
128 32 128
16 128 64
64 512 64
32 512 16
256 32 64
512 512 32
512 16 16
128 512 128
64 16 16
256 32 32
16 64 16
16 512 64
128 512 16
16 512 32
64 16 16
128 16 16
512 64 16
128 64 16
256 16 64
64 32 32
64 32 128
512 512 16
256 128 16
512 64 128
64 64 32
64 64 16
32 128 64
128 128 32
128 64 64
32 128 32
64 16 16
32 512 16
128 256 64
16 128 32
256 128 64
32 32 128
64 64 64
32 512 128
16 512 64
256 32 128
16 256 32
256 16 16
16 64 128
128 64 16
16 128 16
512 512 32
32 64 16
128 16 128
512 256 64
16 128 32
16 512 32
512 16 32
32 128 32
16 16 64
256 64 128
64 64 16
64 16 16
16 16 32
128 16 64
64 64 32
512 64 64
512 512 64
512 64 16
32 512 16
512 256 128
32 128 32
16 32 32
32 32 128
32 128 32
16 128 16
128 32 64
256 16 64
16 256 64
16 128 16
512 64 64
512 64 16
256 32 64
512 256 64
128 64 64
64 128 16
32 512 16
128 128 16
128 32 32
512 512 128
128 512 128
16 64 128
32 16 64
512 64 64
32 64 64
512 16 32
16 16 32
32 512 16
64 128 32
32 16 128
256 128 64
64 16 128
128 512 64
16 32 128
64 64 64
512 16 32
256 16 128
16 256 16
128 32 64
64 32 128
32 16 64
128 16 128
128 16 128
64 32 128
32 16 64
256 256 128
16 32 64
128 32 32
128 64 64
512 512 128
16 512 128
32 32 128
128 16 16
128 256 64
16 512 16
32 512 128
16 32 128
256 512 128
128 64 128
16 16 32
512 512 64
256 512 16
32 32 16
256 16 16
512 32 32
256 128 128
512 128 128
16 128 16
32 16 16
128 256 32
256 128 128
16 256 64
16 16 32
256 64 128
16 128 128
128 512 64
256 128 32
32 16 32
512 64 128
128 16 64
128 512 64
32 256 16
256 256 32
16 64 64
512 128 64
256 64 64
32 64 16
512 256 16
128 32 64
256 32 128
128 512 16
64 512 128
16 256 32
64 128 128
32 128 64
128 512 32
256 32 64
64 32 128
256 64 16
512 256 16
32 64 64
64 64 128
64 128 32
512 512 64
64 32 16
512 32 128
32 64 64
128 128 64
16 128 128
32 512 32
128 256 128
64 128 64
64 64 16
128 512 32
256 16 32
32 64 128
128 32 64
16 64 16
64 64 64
256 16 16
64 32 32
512 256 128
512 64 32
32 256 128
512 16 128
128 512 64
64 32 64
128 512 64
64 256 64
128 512 32
64 16 16
512 64 16
256 512 128
16 128 64
16 32 64
512 64 16
64 128 128
256 64 64
16 16 32
256 16 16
16 16 32
16 64 64
512 32 16
64 64 16
512 512 128
64 64 128
512 32 64
32 32 32
64 32 128
512 64 16
256 64 64
128 32 32
64 512 32
256 512 64
64 256 64
128 16 128
64 16 128
16 128 128
512 16 128
32 64 64
32 128 32
16 256 16
512 16 16
128 128 16
32 512 128
16 16 64
256 32 32
32 128 64
64 32 128
128 256 64
128 512 64
32 128 128
128 16 16
256 512 32
64 128 128
32 256 128
256 32 128
64 128 32
256 512 32
16 256 16
256 32 32
128 16 128
32 16 128
32 256 64
32 16 32
256 64 64
16 128 128
16 32 64
256 256 64
16 16 16
32 32 16
256 512 64
16 32 128
512 32 64
32 64 64
256 64 64
16 16 16
512 128 32
512 128 32
16 32 64
512 512 128
256 16 128
128 512 32
32 512 128
128 256 64
128 256 64
512 256 64
128 128 64
512 32 16
64 32 64
16 128 128
64 512 16
128 64 128
512 64 32
128 16 128
64 16 16
16 32 128
512 32 128
16 128 64
64 32 64
64 512 128
128 256 16
256 64 128
128 32 32
128 256 64
16 32 64
512 256 16
32 32 64
64 64 128
64 128 32
32 16 32
16 256 32
256 64 128
128 64 32
16 32 32
32 64 16
128 16 16
128 128 128
16 32 16
64 256 16
128 16 64
64 64 32
32 16 128
512 256 32
512 16 16
256 512 128
64 32 32
256 32 128
256 512 32
16 128 64
128 32 16
32 512 16
128 32 128
512 256 32
32 512 32
32 16 64
32 128 128
128 128 64
16 64 32
256 16 128
512 256 64
32 64 32
128 256 16
512 64 128
32 128 64
64 256 32
256 512 64
128 32 16
512 256 16
16 64 32
256 16 32
128 32 32
128 256 128
512 128 128
512 32 128
256 16 64
32 128 16
32 64 128
128 64 128
512 64 64
256 256 32
32 32 128
32 32 64
16 512 128
64 64 64
32 64 16
16 128 64
16 128 64
128 64 16
128 512 32
32 512 64
256 256 64
64 256 32
256 256 64
512 32 64
64 256 32
512 256 16
256 64 64
64 512 64
128 128 128
32 256 32
32 16 32
128 256 64
256 64 16
16 128 16
128 16 128
64 256 32
16 128 64
256 64 64
128 128 64
32 64 32
32 16 128
256 512 64
256 512 128
512 512 128
128 512 64
256 16 64
512 32 128
32 256 128
512 64 64
512 256 32
128 32 128
64 16 64
128 64 128
32 128 32
16 256 16
512 256 32
64 64 32
128 512 32
128 64 64
256 16 32
128 64 128
64 256 32
128 32 32
64 512 16
64 32 16
256 32 32
16 16 16
512 512 64
512 128 64
32 64 16
64 256 16
64 256 32
256 128 64
16 256 128
256 512 16
32 512 128
256 256 64
128 64 32
128 16 128
256 64 128
32 32 32
16 32 64
512 128 128
16 64 64
16 128 128
256 32 128
32 512 64
256 256 128
256 512 128
32 64 32
256 128 64
512 16 64
512 16 128
128 512 32
32 32 128
16 64 64
64 256 64
256 16 32
128 512 128
64 512 64
256 512 64
32 64 16
512 256 32
32 64 16
128 32 16
512 32 32
128 64 32
32 128 16
128 512 64
128 512 32
128 32 32
32 16 128
512 512 16
16 128 16
256 512 32
256 64 128
32 64 64
16 512 16
256 128 128
256 16 16
16 64 16
64 512 32
512 64 16
256 256 64
128 128 32
256 256 64
128 16 128
16 64 64
16 32 32
512 512 64
16 128 64
16 512 16
16 256 64
64 64 64
512 128 128
32 128 32
64 16 64
32 64 32
512 16 16
16 16 128
32 512 128
32 16 32
256 512 64
16 512 32
512 32 128
64 256 128
256 32 16
16 128 64
16 128 32
256 512 64
512 256 64
64 128 32
16 32 16
256 16 64
64 256 64
512 32 16
32 32 64
128 128 32
256 64 16
32 512 128
64 128 16
128 64 32
32 64 16
64 512 128
64 32 32
32 16 64
64 512 32
512 512 64
128 16 16
512 512 32
256 16 128
64 128 32
16 512 64
64 512 64
64 256 64
32 32 64
16 32 16
512 128 128
32 512 128
16 16 128
32 64 128
256 32 16
256 64 16
512 256 16
512 32 32
256 32 32
64 32 16
64 128 64
32 64 128
256 32 128
512 512 32
256 32 128
16 512 32
16 512 32
256 16 64
512 32 128
16 512 32
32 128 32
256 256 128
512 16 16
32 16 16
256 64 64
256 64 64
16 256 128
128 64 16
128 256 128
64 128 128
512 128 128
512 128 16
64 16 16
64 16 16
32 64 16
512 512 128
512 128 16
512 16 64
512 512 32
128 64 128
16 32 128
32 512 32
256 256 128
256 256 16
64 16 128
128 128 32
256 128 32
128 32 128
32 32 16
256 512 16
512 32 64
128 256 128
64 32 32
128 512 128
512 512 16
256 128 16
256 16 128
256 16 64
128 32 64
64 128 16
32 256 16
64 16 16
128 32 128
512 16 32
256 512 128
16 512 128
16 16 16
512 128 64
32 16 64
256 16 32
32 256 32
64 512 64
256 64 16
256 128 64
32 16 32
256 256 64
256 32 128
16 256 128
32 16 32
16 512 32
16 256 16
64 128 64
512 512 32
128 128 128
64 16 16
32 64 128
512 16 32
512 64 16
32 256 64
512 64 128
32 512 32
128 64 32
64 64 32
512 16 64
128 256 64
128 512 128
256 32 16
128 128 128
256 512 64
16 128 128
32 32 128
64 16 64
512 128 64
32 32 32
32 32 64
32 256 16
128 128 64
32 64 32
16 32 64
64 16 16
512 32 16
256 16 64
512 32 64
64 512 128
256 512 128
256 512 16
32 16 16
64 32 32
32 512 32
32 256 32
16 32 128
512 256 64
128 64 128
16 16 128
128 16 32
512 32 16
512 512 128
256 512 64
32 64 64
256 64 16
16 256 64
64 32 16
16 128 128
128 32 128
16 512 32
128 16 16
256 16 128
16 256 128
128 64 128
128 128 16
128 128 128
32 32 64
32 32 64
256 512 32
128 256 128
256 256 128
128 128 16
256 128 128
16 512 64
128 256 32
16 16 32
512 32 64
128 16 32
32 64 32
128 16 32
256 512 128
128 256 64
64 64 128
512 32 128
32 32 32
512 512 64
128 512 16
16 128 16
16 64 64
128 256 64
512 32 16
128 16 64
128 16 16
32 128 64
256 32 64
128 32 64
128 16 64
32 64 64
128 32 64
512 512 16
64 16 64
64 16 16
64 16 128
128 16 32
512 64 128
16 32 32
256 512 16
32 256 16
32 32 32
16 64 16
64 512 32
16 256 32
256 512 64
32 512 64
128 128 64
256 128 16
512 256 128
16 64 16
512 16 128
32 64 64
32 16 32
128 256 32
16 256 32
512 256 32
512 16 128
64 32 16
16 32 128
64 256 16
32 64 128
512 128 32
512 128 64
128 256 128
16 512 32
64 512 64
128 128 32
64 64 16
64 128 16
256 16 64
16 128 128
32 256 64
128 512 16
512 64 16
64 64 128
32 256 128
64 32 128
16 32 128
256 512 64
256 128 32
256 32 64
512 256 64
256 256 128
16 32 32
16 64 64
128 32 32
32 512 64
16 256 128
256 256 64
64 256 32
64 128 16
256 256 128
64 16 64
32 32 128
128 16 32
16 16 64
16 16 128
32 256 128
32 32 64
128 256 128
16 64 32
512 32 128
512 32 128
16 16 128
16 256 128
512 256 16
512 64 32
256 32 128
16 64 128
256 128 16
32 32 32
512 64 64
512 64 128
64 256 128
512 128 32
16 256 128
256 512 128
512 16 16
256 16 64
256 64 128
16 128 128
32 16 64
256 32 16
64 256 16
128 64 128
32 16 16
512 128 32
512 16 32
128 256 16
64 128 128
16 32 16
256 64 128
512 128 16
128 256 64
512 128 64
32 32 16
64 16 64
512 64 32
256 512 128
128 128 16
256 16 128
64 128 64
32 16 128
64 128 16
16 256 32
128 128 16
128 32 128
32 16 64
512 128 32
64 16 64
256 32 16
64 32 16
512 16 16
256 16 128
256 16 64
32 128 128
128 64 32
16 32 16
128 64 16
256 128 32
64 512 64
256 256 64
16 64 32
512 128 32
128 256 16
128 512 32
32 16 16
512 256 16
16 16 16
512 512 32
128 512 32
128 256 16
512 16 32
256 32 32
512 32 128
32 64 128
64 64 64
512 64 64
32 64 64
64 16 64
512 64 64
64 256 64
512 64 16
16 16 32
512 512 32
128 16 16
128 32 16
128 512 16
256 16 128
16 64 64
16 32 64
32 16 128
64 64 32
512 64 32
64 128 64
256 16 128
16 64 32
16 512 64
16 512 32
512 16 16
32 256 128
32 512 32
512 16 64
64 16 16
128 32 64
64 32 128
512 64 16
256 16 128
128 16 32
512 64 16
512 256 64
32 16 64
64 256 128
256 256 32
256 16 16
128 64 16
512 128 64
128 512 128
64 16 64
16 256 64
64 128 16
16 16 32
128 128 64
32 512 32
512 512 128
128 16 32
16 64 32
128 16 128
64 32 128
64 64 16
512 32 32
256 32 128
64 32 16
512 32 16
512 512 32
64 16 64
64 32 32
256 32 16
64 512 128
128 16 64
32 32 64
64 64 64
256 256 32
16 128 64
256 32 128
64 128 16
128 16 64
256 128 32
128 256 64
256 512 16
16 32 128
128 256 16
64 512 16
512 64 64
64 32 16
32 64 16
256 128 16
32 16 128
128 128 16
512 32 64
512 512 64
32 128 16
512 32 16
128 64 64
32 32 128
128 512 64
128 256 32
256 32 128
128 32 128
512 16 16
16 256 16
128 64 32
512 128 64
16 32 64
256 256 32
512 64 16
32 16 16
256 64 32
256 32 64
128 64 128
256 256 64
64 32 16
64 512 128
256 256 32
32 32 64
16 128 64
16 512 128
128 16 64
32 16 64
256 64 64
32 512 16
256 32 128
16 32 128
16 128 128
32 512 32
32 16 128
16 512 16
128 32 32
32 32 32
64 512 64
256 512 32
16 128 64
256 256 16
16 512 128
128 256 32
256 32 128
128 64 64
64 256 32
64 512 128
64 64 128
512 512 32
128 256 128
16 16 32
512 512 64
32 16 128
16 256 16
32 256 128
32 512 64
128 512 16
64 128 16
256 64 128
128 64 16
256 256 64
256 64 128
256 64 16
32 512 32
64 16 64
256 256 64
512 32 32
512 16 32
64 256 128
512 128 64
256 16 64
64 16 128
256 128 32
64 16 128
256 512 32
256 16 16
64 64 16
32 64 16
256 64 128
16 16 32
128 512 16
32 64 64
16 128 64
64 32 128
128 128 32
16 128 32
16 32 64
32 512 16
256 16 16
512 32 64
32 16 32
64 32 32
256 512 64
128 128 64
256 64 128
32 16 16
64 128 32
